sidebar
1
2
3
4
5
6
7
8
9
10
11
12
13
14
15
16
17
18
19
20
21
22
23
25
26
28
29
30
32
33
35
36
37
38
39
40
42
43
44
45
46
91
47
48
49
50
51
52
53
54
55
56
57
58
59
60
61
62
63
64
65
66
67
68
69
70
71
72
73
74
75
76
77
78
79
80
81
82
83
84
85
86
87
88
89
92
93
94
95
96
97
98
99
100
101
102
103
104
105
106
107
108
109
110
111
112
113
114
115
116
117
118
119
120
121
122
123
124
125
126
127
128
129
130
131
132
133
134
135
137
138
139
140
141
142
143
144
145
146
147
148
149
150
151
152
153
154
155
156
157
158
159
160
161
162
163
164
165
166
167
168
169
1355177238
1355840627
1357906889
1359755057
1360242125
1361881991
1363394426
1364498120
1374164620
1383130886
1387215609
1393103541
1395248305
1395758319
1396521218
1398685114
1400583007
1409855599
1411147962
1418413656
1420474316
1420474579
1435678681
1440498224
1450624700
1546449957
1596883055